,LC,S,T
0,#6ca0dc,0,101
1,#fc9cff,1,101
2,#6ca0dc,2,62
3,#6ca0dc,2,88
4,#6ca0dc,3,62
5,#6ca0dc,3,88
6,#6ca0dc,4,101
7,#6ca0dc,5,56
8,#6ca0dc,5,62
9,#6ca0dc,5,88
10,#6ca0dc,5,91
11,#6ca0dc,6,101
12,#6ca0dc,7,56
13,#6ca0dc,7,91
14,#6ca0dc,8,52
15,#6ca0dc,9,101
16,#6ca0dc,10,101
17,#6ca0dc,11,67
18,#6ca0dc,12,85
19,#6ca0dc,12,94
20,#6ca0dc,13,62
21,#6ca0dc,13,88
22,#6ca0dc,14,101
23,#fc9cff,15,101
24,#6ca0dc,16,55
25,#6ca0dc,16,69
26,#6ca0dc,17,101
27,#6ca0dc,18,56
28,#6ca0dc,18,91
29,#6ca0dc,19,101
30,#6ca0dc,20,101
31,#6ca0dc,21,59
32,#6ca0dc,21,74
33,#6ca0dc,22,62
34,#6ca0dc,22,88
35,#6ca0dc,23,52
36,#6ca0dc,24,101
37,#6ca0dc,25,57
38,#6ca0dc,25,96
39,#6ca0dc,26,101
40,#6ca0dc,27,101
41,#6ca0dc,28,101
42,#6ca0dc,29,101
43,#6ca0dc,30,72
44,#6ca0dc,31,100
45,#6ca0dc,32,90
46,#6ca0dc,33,101
47,#6ca0dc,34,101
48,#6ca0dc,35,101
49,#6ca0dc,36,101
50,#6ca0dc,37,101
51,#6ca0dc,38,76
52,#6ca0dc,39,56
53,#6ca0dc,39,62
54,#6ca0dc,39,88
55,#6ca0dc,39,91
56,#6ca0dc,40,101
57,#6ca0dc,41,56
58,#6ca0dc,41,91
59,#6ca0dc,42,101
60,#6ca0dc,43,62
61,#6ca0dc,43,88
62,#f8b9d4,44,101
63,#6ca0dc,45,101
64,#6ca0dc,46,101
65,#6ca0dc,47,101
66,#6ca0dc,48,62
67,#6ca0dc,48,88
68,#6ca0dc,49,101
69,"rgba(255,255,255, 0)",50,78
70,"rgba(255,255,255, 0)",50,79
71,"rgba(255,255,255, 0)",50,80
72,"rgba(255,255,255, 0)",50,81
73,"rgba(255,255,255, 0)",50,82
74,"rgba(255,255,255, 0)",50,83
75,"rgba(255,255,255, 0)",50,84
76,"rgba(255,255,255, 0)",50,86
77,"rgba(255,255,255, 0)",50,87
78,"rgba(255,255,255, 0)",50,89
79,"rgba(255,255,255, 0)",50,92
80,"rgba(255,255,255, 0)",50,93
81,"rgba(255,255,255, 0)",50,95
82,"rgba(255,255,255, 0)",50,97
83,"rgba(255,255,255, 0)",50,98
84,"rgba(255,255,255, 0)",50,99
85,"rgba(255,255,255, 0)",50,53
86,"rgba(255,255,255, 0)",50,51
87,"rgba(255,255,255, 0)",50,54
88,"rgba(255,255,255, 0)",50,58
89,"rgba(255,255,255, 0)",50,60
90,"rgba(255,255,255, 0)",50,61
91,"rgba(255,255,255, 0)",50,63
92,"rgba(255,255,255, 0)",50,64
93,"rgba(255,255,255, 0)",50,65
94,"rgba(255,255,255, 0)",50,66
95,"rgba(255,255,255, 0)",50,68
96,"rgba(255,255,255, 0)",50,70
97,"rgba(255,255,255, 0)",50,71
98,"rgba(255,255,255, 0)",50,73
99,"rgba(255,255,255, 0)",50,75
100,"rgba(255,255,255, 0)",50,77
101,#6ca0dc,51,130
102,#6ca0dc,52,152
103,#6ca0dc,53,121
104,#6ca0dc,53,122
105,#6ca0dc,54,152
106,#6ca0dc,55,105
107,#6ca0dc,55,107
108,#6ca0dc,55,109
109,#6ca0dc,55,124
110,#6ca0dc,56,152
111,#6ca0dc,57,141
112,#f8b9d4,58,115
113,#f8b9d4,58,129
114,#f8b9d4,58,131
115,#f8b9d4,58,135
116,#6ca0dc,59,146
117,#6ca0dc,60,152
118,#6ca0dc,61,152
119,#6ca0dc,62,102
120,#6ca0dc,62,104
121,#6ca0dc,62,106
122,#6ca0dc,62,111
123,#6ca0dc,62,123
124,#6ca0dc,62,138
125,#6ca0dc,63,152
126,#fc9cff,64,152
127,#6ca0dc,65,151
128,#6ca0dc,66,121
129,#6ca0dc,66,122
130,#6ca0dc,67,152
131,#6ca0dc,68,148
132,#6ca0dc,69,105
133,#6ca0dc,69,107
134,#6ca0dc,69,109
135,#6ca0dc,69,124
136,#6ca0dc,70,152
137,#6ca0dc,71,130
138,#6ca0dc,72,152
139,#6ca0dc,73,130
140,#6ca0dc,74,146
141,#6ca0dc,75,134
142,#6ca0dc,76,152
143,#6ca0dc,77,152
144,#6ca0dc,78,121
145,#6ca0dc,78,122
146,#6ca0dc,79,152
147,#6ca0dc,80,134
148,#6ca0dc,81,112
149,#6ca0dc,81,136
150,#6ca0dc,82,152
151,#6ca0dc,83,130
152,#6ca0dc,84,152
153,#6ca0dc,85,119
154,#6ca0dc,86,152
155,#6ca0dc,87,152
156,#6ca0dc,88,102
157,#6ca0dc,88,104
158,#6ca0dc,88,106
159,#6ca0dc,88,111
160,#6ca0dc,88,123
161,#6ca0dc,88,138
162,#6ca0dc,89,118
163,#6ca0dc,89,143
164,#6ca0dc,90,152
165,#6ca0dc,91,152
166,#6ca0dc,92,152
167,#6ca0dc,93,152
168,#6ca0dc,94,119
169,#6ca0dc,95,126
170,#6ca0dc,95,151
171,#6ca0dc,96,141
172,#6ca0dc,97,148
173,#6ca0dc,98,126
174,#6ca0dc,98,151
175,#6ca0dc,99,152
176,#6ca0dc,100,152
177,"rgba(255,255,255, 0)",101,113
178,"rgba(255,255,255, 0)",101,114
179,"rgba(255,255,255, 0)",101,116
180,"rgba(255,255,255, 0)",101,117
181,"rgba(255,255,255, 0)",101,120
182,"rgba(255,255,255, 0)",101,125
183,"rgba(255,255,255, 0)",101,127
184,"rgba(255,255,255, 0)",101,128
185,"rgba(255,255,255, 0)",101,132
186,"rgba(255,255,255, 0)",101,133
187,"rgba(255,255,255, 0)",101,137
188,"rgba(255,255,255, 0)",101,139
189,"rgba(255,255,255, 0)",101,140
190,"rgba(255,255,255, 0)",101,142
191,"rgba(255,255,255, 0)",101,144
192,"rgba(255,255,255, 0)",101,145
193,"rgba(255,255,255, 0)",101,147
194,"rgba(255,255,255, 0)",101,149
195,"rgba(255,255,255, 0)",101,150
196,"rgba(255,255,255, 0)",101,103
197,"rgba(255,255,255, 0)",101,108
198,"rgba(255,255,255, 0)",101,110
199,#6ca0dc,102,164
200,#f8b9d4,103,203
201,#6ca0dc,104,164
202,#6ca0dc,105,154
203,#6ca0dc,105,155
204,#6ca0dc,105,162
205,#6ca0dc,105,181
206,#6ca0dc,106,164
207,#6ca0dc,107,154
208,#6ca0dc,107,155
209,#6ca0dc,107,162
210,#6ca0dc,107,181
211,#6ca0dc,108,188
212,#6ca0dc,108,197
213,#6ca0dc,109,154
214,#6ca0dc,109,155
215,#6ca0dc,109,162
216,#6ca0dc,109,181
217,#6ca0dc,110,203
218,#6ca0dc,111,164
219,#6ca0dc,111,165
220,#6ca0dc,111,185
221,#6ca0dc,111,192
222,#6ca0dc,112,203
223,#6ca0dc,113,203
224,#6ca0dc,114,203
225,#fc9cff,115,166
226,#fc9cff,115,167
227,#fc9cff,115,198
228,#6ca0dc,116,201
229,#6ca0dc,117,203
230,#6ca0dc,118,203
231,#6ca0dc,119,157
232,#6ca0dc,119,176
233,#6ca0dc,119,195
234,#fc9cff,120,203
235,#6ca0dc,121,174
236,#6ca0dc,122,174
237,#6ca0dc,123,164
238,#6ca0dc,124,154
239,#6ca0dc,124,155
240,#6ca0dc,124,162
241,#6ca0dc,124,181
242,#6ca0dc,125,203
243,#6ca0dc,126,186
244,#6ca0dc,127,203
245,#6ca0dc,128,203
246,#f8b9d4,129,166
247,#f8b9d4,129,167
248,#f8b9d4,129,198
249,#6ca0dc,130,203
250,#fc9cff,131,166
251,#fc9cff,131,167
252,#fc9cff,131,198
253,#6ca0dc,132,203
254,#6ca0dc,133,203
255,#6ca0dc,134,203
256,#f8b9d4,135,166
257,#f8b9d4,135,167
258,#f8b9d4,135,198
259,#6ca0dc,136,203
260,#fc9cff,137,203
261,#6ca0dc,138,164
262,#6ca0dc,139,203
263,#6ca0dc,140,165
264,#6ca0dc,140,185
265,#6ca0dc,140,192
266,#6ca0dc,141,203
267,#6ca0dc,142,203
268,#6ca0dc,143,203
269,#f8b9d4,144,203
270,#6ca0dc,145,203
271,#6ca0dc,146,203
272,#fc9cff,147,203
273,#6ca0dc,148,163
274,#6ca0dc,149,173
275,#6ca0dc,150,203
276,#6ca0dc,151,168
277,"rgba(255,255,255, 0)",152,169
278,"rgba(255,255,255, 0)",152,170
279,"rgba(255,255,255, 0)",152,171
280,"rgba(255,255,255, 0)",152,172
281,"rgba(255,255,255, 0)",152,175
282,"rgba(255,255,255, 0)",152,177
283,"rgba(255,255,255, 0)",152,178
284,"rgba(255,255,255, 0)",152,179
285,"rgba(255,255,255, 0)",152,180
286,"rgba(255,255,255, 0)",152,182
287,"rgba(255,255,255, 0)",152,183
288,"rgba(255,255,255, 0)",152,184
289,"rgba(255,255,255, 0)",152,187
290,"rgba(255,255,255, 0)",152,189
291,"rgba(255,255,255, 0)",152,190
292,"rgba(255,255,255, 0)",152,191
293,"rgba(255,255,255, 0)",152,193
294,"rgba(255,255,255, 0)",152,194
295,"rgba(255,255,255, 0)",152,196
296,"rgba(255,255,255, 0)",152,199
297,"rgba(255,255,255, 0)",152,200
298,"rgba(255,255,255, 0)",152,202
299,"rgba(255,255,255, 0)",152,153
300,"rgba(255,255,255, 0)",152,156
301,"rgba(255,255,255, 0)",152,158
302,"rgba(255,255,255, 0)",152,159
303,"rgba(255,255,255, 0)",152,160
304,"rgba(255,255,255, 0)",152,161
305,#6ca0dc,153,242
306,#6ca0dc,154,254
307,#6ca0dc,155,254
308,#f8b9d4,156,254
309,#6ca0dc,157,220
310,#6ca0dc,158,254
311,#6ca0dc,159,254
312,#6ca0dc,160,254
313,#6ca0dc,161,205
314,#6ca0dc,161,212
315,#6ca0dc,161,247
316,#6ca0dc,161,253
317,#6ca0dc,162,254
318,#6ca0dc,163,254
319,#6ca0dc,164,211
320,#6ca0dc,164,217
321,#6ca0dc,165,216
322,#6ca0dc,165,224
323,#6ca0dc,165,226
324,#6ca0dc,165,233
325,#6ca0dc,165,239
326,#6ca0dc,165,241
327,#6ca0dc,165,253
328,#fc9cff,166,210
329,#f8b9d4,167,210
330,#6ca0dc,168,254
331,#6ca0dc,169,242
332,#6ca0dc,170,254
333,#6ca0dc,171,254
334,#6ca0dc,172,254
335,#6ca0dc,173,254
336,#6ca0dc,174,219
337,#6ca0dc,175,254
338,#6ca0dc,176,220
339,#f8b9d4,177,254
340,#6ca0dc,178,254
341,#6ca0dc,179,232
342,#6ca0dc,180,254
343,#6ca0dc,181,254
344,#f8b9d4,182,245
345,#6ca0dc,183,254
346,#6ca0dc,184,254
347,#6ca0dc,185,205
348,#6ca0dc,185,212
349,#6ca0dc,185,216
350,#6ca0dc,185,224
351,#6ca0dc,185,226
352,#6ca0dc,185,233
353,#6ca0dc,185,239
354,#6ca0dc,185,247
355,#6ca0dc,185,253
356,#6ca0dc,186,254
357,#fc9cff,187,254
358,#6ca0dc,188,227
359,#6ca0dc,188,232
360,#6ca0dc,188,237
361,#f8b9d4,189,209
362,#f8b9d4,189,248
363,#6ca0dc,190,229
364,#6ca0dc,191,246
365,#6ca0dc,192,216
366,#6ca0dc,192,224
367,#6ca0dc,192,226
368,#6ca0dc,192,233
369,#6ca0dc,192,239
370,#6ca0dc,192,253
371,#6ca0dc,193,254
372,#6ca0dc,194,244
373,#6ca0dc,195,220
374,#6ca0dc,196,254
375,#6ca0dc,197,227
376,#6ca0dc,197,232
377,#6ca0dc,197,237
378,#f8b9d4,198,210
379,#6ca0dc,199,254
380,#f8b9d4,200,254
381,#6ca0dc,201,254
382,#6ca0dc,202,232
383,"rgba(255,255,255, 0)",203,204
384,"rgba(255,255,255, 0)",203,206
385,"rgba(255,255,255, 0)",203,207
386,"rgba(255,255,255, 0)",203,208
387,"rgba(255,255,255, 0)",203,213
388,"rgba(255,255,255, 0)",203,214
389,"rgba(255,255,255, 0)",203,215
390,"rgba(255,255,255, 0)",203,218
391,"rgba(255,255,255, 0)",203,221
392,"rgba(255,255,255, 0)",203,222
393,"rgba(255,255,255, 0)",203,223
394,"rgba(255,255,255, 0)",203,225
395,"rgba(255,255,255, 0)",203,228
396,"rgba(255,255,255, 0)",203,230
397,"rgba(255,255,255, 0)",203,231
398,"rgba(255,255,255, 0)",203,234
399,"rgba(255,255,255, 0)",203,235
400,"rgba(255,255,255, 0)",203,236
401,"rgba(255,255,255, 0)",203,238
402,"rgba(255,255,255, 0)",203,240
403,"rgba(255,255,255, 0)",203,243
404,"rgba(255,255,255, 0)",203,249
405,"rgba(255,255,255, 0)",203,250
406,"rgba(255,255,255, 0)",203,251
407,"rgba(255,255,255, 0)",203,252
408,#6ca0dc,204,276
409,#6ca0dc,205,289
410,#6ca0dc,206,305
411,#6ca0dc,207,305
412,#6ca0dc,208,258
413,#6ca0dc,208,290
414,#f8b9d4,209,272
415,#f8b9d4,209,277
416,#f8b9d4,209,278
417,#f8b9d4,210,257
418,#f8b9d4,210,284
419,#6ca0dc,211,263
420,#6ca0dc,211,268
421,#6ca0dc,211,270
422,#6ca0dc,211,279
423,#6ca0dc,211,280
424,#6ca0dc,211,281
425,#6ca0dc,211,286
426,#6ca0dc,211,301
427,#6ca0dc,211,303
428,#6ca0dc,212,289
429,#6ca0dc,213,305
430,#6ca0dc,214,305
431,#6ca0dc,215,305
432,#6ca0dc,216,265
433,#6ca0dc,217,263
434,#6ca0dc,217,268
435,#6ca0dc,217,270
436,#6ca0dc,217,279
437,#6ca0dc,217,280
438,#6ca0dc,217,281
439,#6ca0dc,217,286
440,#6ca0dc,217,301
441,#6ca0dc,217,303
442,#6ca0dc,218,305
443,#6ca0dc,219,276
444,#6ca0dc,220,305
445,#6ca0dc,221,276
446,#6ca0dc,222,261
447,#6ca0dc,222,267
448,#6ca0dc,223,255
449,#6ca0dc,224,265
450,#6ca0dc,225,287
451,#6ca0dc,225,299
452,#6ca0dc,226,265
453,#6ca0dc,227,305
454,#6ca0dc,228,273
455,#6ca0dc,229,295
456,#6ca0dc,230,305
457,#6ca0dc,231,261
458,#6ca0dc,231,267
459,#6ca0dc,232,305
460,#6ca0dc,233,265
461,#6ca0dc,234,305
462,#6ca0dc,235,261
463,#6ca0dc,235,267
464,#6ca0dc,236,261
465,#6ca0dc,236,267
466,#6ca0dc,237,305
467,#6ca0dc,238,305
468,#6ca0dc,239,265
469,#6ca0dc,240,287
470,#6ca0dc,240,299
471,#6ca0dc,241,275
472,#6ca0dc,241,295
473,#6ca0dc,242,258
474,#6ca0dc,242,291
475,#6ca0dc,243,266
476,#6ca0dc,243,274
477,#6ca0dc,243,297
478,#6ca0dc,244,305
479,#f8b9d4,245,262
480,#6ca0dc,246,305
481,#6ca0dc,247,289
482,#f8b9d4,248,272
483,#f8b9d4,248,277
484,#f8b9d4,248,278
485,#6ca0dc,249,305
486,#6ca0dc,250,305
487,#6ca0dc,251,305
488,#fc9cff,252,285
489,#6ca0dc,253,265
490,#6ca0dc,253,289
491,"rgba(255,255,255, 0)",254,282
492,"rgba(255,255,255, 0)",254,283
493,"rgba(255,255,255, 0)",254,288
494,"rgba(255,255,255, 0)",254,292
495,"rgba(255,255,255, 0)",254,293
496,"rgba(255,255,255, 0)",254,294
497,"rgba(255,255,255, 0)",254,296
498,"rgba(255,255,255, 0)",254,298
499,"rgba(255,255,255, 0)",254,300
500,"rgba(255,255,255, 0)",254,302
501,"rgba(255,255,255, 0)",254,304
502,"rgba(255,255,255, 0)",254,256
503,"rgba(255,255,255, 0)",254,259
504,"rgba(255,255,255, 0)",254,260
505,"rgba(255,255,255, 0)",254,264
506,"rgba(255,255,255, 0)",254,269
507,"rgba(255,255,255, 0)",254,271
508,#6ca0dc,255,356
509,#6ca0dc,256,356
510,#f8b9d4,257,343
511,#6ca0dc,258,306
512,#6ca0dc,258,310
513,#6ca0dc,258,341
514,#6ca0dc,259,356
515,#6ca0dc,260,356
516,#6ca0dc,261,356
517,#f8b9d4,262,356
518,#f8b9d4,263,311
519,#f8b9d4,263,317
520,#f8b9d4,263,318
521,#f8b9d4,263,322
522,#f8b9d4,263,324
523,#6ca0dc,264,356
524,#6ca0dc,265,313
525,#6ca0dc,265,331
526,#6ca0dc,266,342
527,#6ca0dc,267,356
528,#6ca0dc,268,311
529,#6ca0dc,268,317
530,#6ca0dc,268,318
531,#6ca0dc,268,322
532,#6ca0dc,268,324
533,#6ca0dc,269,356
534,#6ca0dc,270,311
535,#6ca0dc,270,317
536,#6ca0dc,270,318
537,#6ca0dc,270,322
538,#6ca0dc,270,324
539,#6ca0dc,271,356
540,#f8b9d4,272,315
541,#f8b9d4,272,354
542,#6ca0dc,273,329
543,#6ca0dc,274,342
544,#6ca0dc,275,314
545,#6ca0dc,275,340
546,#6ca0dc,275,345
547,#6ca0dc,276,356
548,#f8b9d4,277,315
549,#f8b9d4,277,354
550,#f8b9d4,278,315
551,#f8b9d4,278,354
552,#6ca0dc,279,311
553,#6ca0dc,279,317
554,#6ca0dc,279,318
555,#6ca0dc,279,322
556,#6ca0dc,279,324
557,#6ca0dc,280,311
558,#6ca0dc,280,317
559,#6ca0dc,280,318
560,#6ca0dc,280,322
561,#6ca0dc,280,324
562,#6ca0dc,281,311
563,#6ca0dc,281,317
564,#6ca0dc,281,318
565,#6ca0dc,281,322
566,#6ca0dc,281,324
567,#6ca0dc,282,356
568,#6ca0dc,283,356
569,#f8b9d4,284,343
570,#f8b9d4,285,356
571,#6ca0dc,286,311
572,#6ca0dc,286,317
573,#6ca0dc,286,318
574,#6ca0dc,286,322
575,#6ca0dc,286,324
576,#6ca0dc,287,333
577,#6ca0dc,287,353
578,#6ca0dc,288,356
579,#6ca0dc,289,356
580,#6ca0dc,290,306
581,#6ca0dc,290,310
582,#6ca0dc,290,341
583,#6ca0dc,291,310
584,#6ca0dc,292,356
585,#6ca0dc,293,356
586,#6ca0dc,294,336
587,#6ca0dc,294,346
588,#6ca0dc,294,352
589,#6ca0dc,295,314
590,#6ca0dc,295,340
591,#6ca0dc,295,345
592,#6ca0dc,296,356
593,#6ca0dc,297,342
594,#f8b9d4,298,312
595,#f8b9d4,298,332
596,#6ca0dc,299,333
597,#6ca0dc,299,353
598,#6ca0dc,300,356
599,#6ca0dc,301,311
600,#6ca0dc,301,317
601,#6ca0dc,301,318
602,#6ca0dc,301,322
603,#6ca0dc,301,324
604,#f8b9d4,302,356
605,#6ca0dc,303,311
606,#6ca0dc,303,317
607,#6ca0dc,303,318
608,#6ca0dc,303,322
609,#6ca0dc,303,324
610,#f8b9d4,304,356
611,"rgba(255,255,255, 0)",305,347
612,"rgba(255,255,255, 0)",305,348
613,"rgba(255,255,255, 0)",305,349
614,"rgba(255,255,255, 0)",305,350
615,"rgba(255,255,255, 0)",305,355
616,"rgba(255,255,255, 0)",305,337
617,"rgba(255,255,255, 0)",305,338
618,"rgba(255,255,255, 0)",305,339
619,"rgba(255,255,255, 0)",305,344
620,"rgba(255,255,255, 0)",305,351
621,"rgba(255,255,255, 0)",305,307
622,"rgba(255,255,255, 0)",305,308
623,"rgba(255,255,255, 0)",305,309
624,"rgba(255,255,255, 0)",305,316
625,"rgba(255,255,255, 0)",305,319
626,"rgba(255,255,255, 0)",305,320
627,"rgba(255,255,255, 0)",305,321
628,"rgba(255,255,255, 0)",305,323
629,"rgba(255,255,255, 0)",305,325
630,"rgba(255,255,255, 0)",305,326
631,"rgba(255,255,255, 0)",305,327
632,"rgba(255,255,255, 0)",305,328
633,"rgba(255,255,255, 0)",305,330
634,"rgba(255,255,255, 0)",305,334
635,"rgba(255,255,255, 0)",305,335
